MSE: 0.319538470803807
MAE: 0.37126971797996805
R²: 0.9917950468941789
